id,protein1,protein2,protein3,protein4,protein5,protein6,protein7,protein8,protein9,protein10,protein11,protein12,protein13,protein14,protein15,protein16,protein17,protein18,protein19,protein20,protein21,protein22,protein23,protein24,protein25,protein26,protein27,protein28,protein29,protein30,protein31,protein32,protein33
1,16248727.65,790081.0213,3954895.794,0.199772905,2962940.521,0.008077786,42608.47794,90933.88053,121912.9579,285385.9089,0.349499173,0.318634795,441397.4243,681018,23934,53540.55178,7543.002834,551149.6343,4556165.738,0.120967863,387783.3986,139223.7031,344264.9868,346793.8657,48054.5956,37337.46739,695038.5309,261510.592,41725.74275,397316.544,27796.42687,2320601.955,128498.2903
2,4194030.971,431540.3213,2337543.056,0.18461278,404803.0387,0.018955864,20487.32056,34496.41183,82081.03201,147676.5906,0.24959872,0.233594314,1083987.042,301766.048,7673.391399,19578.30603,15858.74108,1121137.694,6477064.821,0.173093481,1682634.274,134630.9011,NA,NA,NA,NA,NA,NA,38978.18887,411074.255,71508.47905,3516953.263,56275.72826
3,11434851.05,97314.42888,5724026.032,0.017001046,3377291.739,0.015756045,16558.38428,108341.97,156969.5842,743576.9157,0.105487852,0.145703784,806608.7738,415741.0807,53212.75957,44973.39385,13566.42967,84612.11674,6107103.095,0.013854706,2237837.927,137019.2396,37072.88008,1112884.311,NA,12063.35875,256362.4632,180337.2419,145173.8985,290776.4858,6778.470077,5585028.558,122418.8318
4,5103315.533,172924.7563,4742833.235,0.036460223,3912729.496,0.007716481,25915.64117,65481.31172,138508.7513,377166.4587,0.18710472,0.173613825,714084.8082,384395.4557,30192.50434,46575.66763,6179.902151,66270.08476,4297257.533,0.015421483,1853777.014,102934.951,2245.868965,3025030.181,23560.55766,44290.01347,323755.0176,184600.3035,103446.101,317941.3414,1709.25454,2550037.78,117296.3642
5,18975525,154403.163,4847463.114,0.031852365,4095652.893,0.006268109,100986.0867,51089.26645,164612.4459,512796.804,0.613477834,0.099628676,520441.3979,532061,25672,66689.18636,8108.7552,1215012.521,4389637.47,0.276791086,382353.333,112252.7229,64088.54226,16967.43488,69106.15055,15001.59722,522685.6455,195087.5195,76226.01163,240560.6785,8101.929475,2132909.474,175254.1403
6,12287211.89,34812.72549,4187482.619,0.008313521,1489765.655,0.03460928,17493.36891,38507.14098,77555.85707,235024.8536,0.225558321,0.163842846,845124.5592,359797.5302,51559.71656,60067.85516,12089.27232,2863818.169,3513456.522,0.815099931,2374975.417,173443.2946,58091.16653,3199468.448,52466.89705,44937.70897,267596.229,338616.5528,97502.98325,398912.9492,6326.838186,7648882.2,123308.3656
7,4990312.631,24167.25036,2954731.6,0.008179169,1300117.981,0.005057435,5122.76145,29580.95043,52301.3201,169317.5583,0.097947077,0.174706928,810062.9624,296713.5215,6575.262392,15955.94002,10928.63796,1269603.788,3904587.169,0.325156984,2032533.923,73756.16756,46784.38552,66725.74166,29403.5703,11152.6708,774777.8644,321885.879,70835.451,571998.8504,57495.84945,3087535.224,306756.9611
8,9602721.491,208367.3477,5462738.729,0.038143385,1001969.732,0.001492412,26492.58947,142207.3938,106016.4511,238422.2831,0.249891306,0.596451774,1044180.205,344363.5273,1495.351408,42311.50739,15983.11207,2523349.545,2438223.425,1.034913175,2317226.427,151805.5493,10751.78905,4297944.928,32765.99318,34365.80375,398117.4346,225794.6244,83942.67848,365573.8826,5015.01328,6846627.82,114691.1801
9,6346984.851,60903.31719,4564708.522,0.013342214,1537477.002,0.084621577,19651.15494,60829.3215,76248.63797,187830.3876,0.257724668,0.323852398,854139.971,499398.7575,130103.729,37887.89623,6362.597374,1594415.906,2513464.08,0.634349987,1563985.103,91409.42956,15887.96225,30718.44711,61677.80746,35571.96344,355320.2161,200548.5746,96265.87544,420205.1868,7319.79676,4765068.132,176206.2269
10,8195848.099,178337.4968,3357098.728,0.053122506,791916.5374,0.026159099,22139.82392,82051.89445,67342.40045,205560.1112,0.328764995,0.399162532,1436496.206,531974.8073,20715.82295,23107.39684,4550.72413,1914360.432,11036840.14,0.173451858,945619.8311,70213.83031,270324.4681,1420530.478,81298.49763,95187.2885,660423.2828,676569.9324,54101.07933,589595.0114,144300.9582,4166290.353,275729.7509
11,3913312.678,439961.9266,3128115.1,0.140647614,2934312.773,0.001976613,51913.25569,200695.5016,81303.26286,300660.5808,0.638513805,0.66751518,759299.632,374928,5800,36996.11577,22698.32554,741631.0698,4724829.348,0.156964626,1230741.031,78567.8608,108274.6127,20381.64428,45162.76638,19321.79046,644249.3941,201263.0168,28534.78546,220842.7796,47984.23163,1898870.762,101065.8253
12,16604832.66,108017.7268,3880944.357,0.027832846,2266681.997,0.001084404,19352.81417,142189.8357,113179.4992,297134.3621,0.170992223,0.478537166,1166181.078,653933,2458,30814.60119,27529.11155,667412.5671,4591268.551,0.145365613,1543801.68,110588.3398,210921.2769,259199.8729,24882.08846,16977.22984,701240.8015,240858.8238,44217.3866,276030.9093,10752.02416,2439493.552,182818.7274
13,9490361.805,109788.0798,4786688.367,0.022936124,1521979.124,0.106080123,15185.16142,62131.24737,58227.31338,176236.5619,0.260791037,0.352544595,1035557.654,302347.8867,161451.7321,34223.70793,14561.17585,1910926.367,2978501.873,0.641572995,2291795.386,131357.3882,540123.8847,33888.68811,112584.1109,62807.78317,603932.1201,386048.5538,154322.6905,481854.9785,18654.57107,16183439.94,165699.8157
14,8685471.406,227051.2597,3813834.082,0.059533597,1145410.19,0.037531682,18045.38349,39281.13042,99763.02338,216493.6165,0.180882484,0.181442442,823715.6854,431885.6042,42989.17115,27060.59151,15731.60184,671588.9079,3628906.462,0.18506647,933623.0312,80552.67584,247977.2403,2045294.318,50826.07482,22634.55604,440874.5479,295308.2303,55410.94087,569318.4696,113272.3143,4188714.601,208280.5286
15,6912057.416,23117.46539,6986501.185,0.003308876,1470246.663,0.082047181,14336.70328,89406.72019,50570.24896,188977.0676,0.283500745,0.473108834,191609.6993,573989.6763,120629.5943,40283.56848,3165.121168,2054776.966,7018747.693,0.292755497,244714.5511,68186.44833,42444.32185,338241.0195,38312.754,42099.82886,262277.9578,549709.955,25873.35686,662573.9849,145413.8796,3435589.784,283422.2384
16,13992599.64,182030.3428,4224042.793,0.043093868,1449704.627,0.070524024,32673.00751,67755.92538,86999.22423,257253.1779,0.375555159,0.263382268,401871.1316,514548.1879,102239.0043,57332.32138,4815.961672,2721370.034,15803779.65,0.172197417,244999.159,133501.0281,221696.6007,1578771.037,61633.55176,68405.26976,446596.3453,669527.3006,20694.52435,648056.7727,199962.8552,4058989.388,249270.8068
17,8455209.793,64662.57074,4619789.648,0.013996865,1650109.012,0.043172845,17794.39858,80264.14912,49634.36858,188060.1001,0.358509619,0.426800523,1451806.304,321514.2192,71239.9005,29286.05069,21396.08458,2994305.95,3823463.994,0.78313957,3332068.134,76974.35542,417043.8316,67295.25857,21125.53111,61863.88579,551266.5254,537333.2236,157805.4154,411817.1092,81486.75401,3039518.495,289192.5647
18,10937095.22,28371.08878,4674269.909,0.00606963,1838636.916,0.046739976,12921.3397,89703.79859,83691.50773,265084.7701,0.154392483,0.338396652,686314.1925,531815.3112,85937.84543,69893.80788,14112.74804,2313309.352,1945586.445,1.189003633,2355217.409,109007.8299,933339.673,46050.66865,65288.5221,73253.94479,694589.2015,429900.5015,114308.0549,652020.4347,15494.75003,13791197.52,502293.429
19,10971370.96,111418.848,4515657.997,0.02467389,1745434.963,0.037472992,13398.08128,66845.49896,94420.94434,221080.5037,0.141897345,0.302358181,627965.6506,395885.915,65406.6706,31937.32492,6647.755493,1980257.93,3596975.821,0.550534123,1307906.147,104643.7447,881049.3023,36689.37423,112863.0662,54186.68459,708120.6968,380673.3494,104038.2761,434504.7886,11504.66663,9808877.185,161356.3884
20,6155847.338,16315.7962,2961447.187,0.0055094,541273.1245,NA,2503.360104,29568.70999,48842.31564,126825.3529,0.051253919,0.233145103,1262861.097,420851.2968,NA,16477.39042,7589.814724,1672627.104,4898782.321,0.341437319,1231839.237,77042.64456,NA,234.181733,2449.675952,8059.519179,299078.2392,97217.19363,19896.88427,136002.758,33935.47447,2118246.807,73457.00161
21,15201833.71,26141.64106,6177564.293,0.004231707,1469310.614,0.026779071,13639.03419,99935.44695,78527.4333,212684.0146,0.173684961,0.469877565,985547.0139,494192.1762,39346.77378,33731.77464,8463.49327,1825870.642,4242987.95,0.430326615,1958843.141,94045.84431,208977.4064,55126.28456,31121.87534,21699.25831,558524.1526,467565.8538,52782.19086,497786.4704,16429.57819,12568805.64,177646.0386
22,7943456.15,248266.1529,2277456.245,0.109010284,578639.3977,0.012615765,19521.35727,30749.3214,31398.64179,97267.53324,0.621726169,0.316131399,795849.7449,315095.9087,7299.978404,14116.23508,7174.899141,1884223.247,4802255.55,0.392362136,1147987.507,63744.85696,6445.287756,13394.81173,7705.592173,4441.501823,342586.926,294626.5999,66608.60337,442018.942,89805.59252,3558591.993,119703.998
23,1887747.945,41036.45736,3070917.884,0.013362929,446307.2022,0.010243735,6282.5162,47779.94306,55031.11434,109588.9036,0.114162984,0.435992527,675555.0895,336511.5223,4571.852535,18762.55033,2436.701822,2055874.41,4627998.27,0.444225406,1555356.442,32844.98414,182.5121911,545.2884736,894.8536916,4718.572652,281636.0931,113764.2227,13262.04913,123969.2658,22970.57346,NA,74823.19476
24,2189283.101,228599.1302,3286748.063,0.069551765,729970.8245,0.016580546,4920.66808,23081.45678,57436.07514,153977.5284,0.085672081,0.149901463,578636.9471,413316.5391,12103.31488,29854.43159,14569.88068,1704408.417,2288308.748,0.744833239,1446057.375,59246.6275,727.113341,73.06656046,32577.81468,22773.98964,405247.4897,180939.8333,33870.52399,542149.4115,69485.51986,3723906.775,216937.6248
25,23775511.62,161565.0707,3165519.91,0.051039032,512738.3301,0.014226847,10362.59265,30557.42197,48006.6011,110943.6819,0.215857661,0.275431836,728395.7857,418866.6119,7294.64999,24926.05625,6465.54186,1251681.828,11750807.48,0.106518793,1686867.523,122623.0709,3696.050046,10183.41012,49131.13948,25950.48206,462757.9361,373263.8092,43526.968,514902.9539,81691.11994,3687130.963,77361.17538
26,45112907.07,282645.735,3943152.824,0.071680137,1177526.136,0.03613762,21487.11006,39233.24015,82197.19021,182834.3929,0.261409301,0.214583479,472237.2445,549275.9366,42552.99174,46808.9937,5764.648771,1356595.701,11028046.16,0.123013241,947678.1722,150112.5232,NA,37.42584793,41200.77396,21754.50563,278222.8108,162544.258,27436.02146,190043.754,49366.02154,2425502.523,59371.9654
27,9670364.123,238709.3053,3746252.968,0.063719484,3169428.085,0.004629857,14085.53263,134725.3848,100511.6677,318219.7379,0.140138284,0.423372182,1037228.885,314107,14674,27270.51552,35145.71461,484882.0769,3286004.768,0.147559761,1450710.179,86079.74498,355648.7699,666556.9688,134956.6036,41364.33979,439451.6562,254949.5063,23499.07325,441022.987,NA,3680461.006,178164.4655
28,13587313.73,163285.5484,5219791.702,0.031282005,928035.5149,0.024633207,25522.92746,86187.14118,115941.5789,225527.3017,0.220136104,0.382158349,515461.8919,568587.343,22860.49101,41868.90765,5295.716978,2810946.457,11142795.42,0.252265823,873398.3262,87261.465,450617.2262,802510.6464,46821.82609,41688.4692,530833.9764,500033.2004,40981.12614,276402.0947,62850.54618,2926617.584,139330.4094
29,11357272.42,244582.2576,6258721.811,0.039078627,1311476.212,0.014730409,18942.47566,116330.1213,128220.8272,304454.702,0.14773322,0.382093364,768017.2734,567164.9782,19318.58078,42129.98904,4196.275927,2099407.89,2633847.5,0.797087869,1824888.529,125476.1461,186585.1558,59194.86101,26213.93672,41407.69005,618561.0345,499894.7257,100591.7018,524653.5485,87321.99473,3036903.032,159813.8311
30,6647380.367,47779.32279,4849424.834,0.009852575,1534507.462,0.075906909,8561.159125,66592.87925,100434.0276,281689.604,0.085241619,0.236405172,1494837.157,526558.8453,116479.7182,43195.51127,8129.33952,1945477.993,2366035.859,0.822252117,1803006.297,103995.3991,258868.5863,72800.08715,25552.27629,48711.86836,652085.7335,547792.9593,128187.7255,541683.6427,87139.23148,3053827.512,766213.0967
31,17563933.65,229378.7598,5038985.868,0.045520818,1365184.008,0.028504935,21265.55704,110948.6616,88199.95625,263325.951,0.241106208,0.421335843,1065204.761,382919.0813,38914.48128,41824.58279,5719.373821,1958027.169,3624984.072,0.540147799,1195683.675,76407.49066,171150.5471,30759.64755,35380.26758,42468.34844,569566.894,512831.4284,49480.618,403047.4431,46267.15675,2527939.271,142533.0103
32,9884792.175,131772.7779,4345035.568,0.030327204,892119.3796,0.009366845,15451.8914,83458.63239,79471.62636,196488.7394,0.194432807,0.424750205,356726.2629,400479.5441,8356.344116,23738.19832,5478.093859,2771530.126,12182743.87,0.22749638,1414772.652,92906.72291,659468.5185,736877.3639,14494.38481,7861.933227,476524.7595,336942.7254,20473.96913,180942.3097,53148.92326,2581368.268,75934.83881
33,15303715.17,121029.8761,2451631.242,0.04936708,1066613.794,0.058909145,59661.54604,255477.432,63804.03998,210944.9653,0.935074739,1.211109408,901049.7283,363383.9205,62833.30676,41700.17452,5286.384946,2544833.482,3491046.889,0.728959983,1410886.298,109477.8983,339922.5991,57025.80288,99688.90976,57743.87894,674619.5572,561681.571,112200.8064,510589.6244,106489.6995,3702618.225,229287.7749
34,7512156.115,48092.07791,4811373.248,0.009995499,822804.2928,0.019844598,21855.83435,126341.6563,134458.3772,286806.9335,0.162547212,0.440511165,219433.1591,523088.091,16328.22025,34939.85602,6063.311066,3621535.93,16093490.83,0.225031099,1089359.396,74537.04134,230.2952352,NA,7800.630486,11088.11509,450829.8225,442229.3037,29112.61096,239245.0405,39625.32429,2386809.507,148667.7627
35,42413033.54,213013.191,3867899.74,0.055072056,912634.5302,0.033111569,11788.17175,29330.95666,92611.01509,162425.3039,0.12728693,0.180581202,948630.7698,537620.1177,30218.76109,46591.15467,11902.9139,1533470.42,1544055.689,0.993144503,1804472.092,96880.50171,122500.4335,21935.21764,28504.70748,23569.59215,359038.037,228497.1394,8970.117917,228273.112,45219.80671,2700437.44,161637.9514
36,9637835.153,58888.62761,4839699.544,0.012167827,899376.909,0.012890035,11787.10973,66138.74014,118775.454,192756.9916,0.0992386,0.343119799,297870.6157,388108.8724,11592.99952,18864.01876,5317.183047,2308731.431,17638383.19,0.130892464,1054674.599,94014.11164,633139.6824,1200535.494,5334.911558,7226.089285,554979.6933,277843.4632,43677.08842,212580.1218,181686.6703,3047112.598,173186.3522
37,11156259.56,46037.71993,3132344.498,0.014697528,1450705.617,0.025725686,33794.28767,76045.34151,62463.54101,198995.9933,0.541024206,0.382145089,772661.568,501043.9996,37320.39723,29555.22978,7617.453539,1960265.92,1380791.105,1.419668705,1576001.862,53836.21087,354147.0297,41689.46412,11565.10323,15665.69204,409475.7129,449911.5236,55487.84718,402739.7533,53394.06317,3060936.213,180291.9587
38,14232335.07,155914.8116,4916721.039,0.031711136,1608028.445,0.024332996,31288.18747,157642.8095,93694.9125,304949.9058,0.333936888,0.516946575,781898.4706,373901.1973,39128.15019,25596.17062,780.691953,2326353.492,2541927.57,0.915192675,506634.2273,100636.1374,363502.8076,61380.47404,86535.95277,62581.3693,522019.8622,619447.2889,115248.6241,551632.0053,78860.51742,3440215.867,655467.6047
39,1989071.281,45137.79499,3013336.802,0.01497934,1757607.321,NA,7038.907985,61338.47766,54550.60089,141845.0991,0.129034472,0.43243283,460368.4914,363550.121,NA,22818.25861,10267.56143,2260901.849,4284836.453,0.527651842,2835262.507,136883.0805,NA,NA,NA,NA,NA,NA,21618.86963,214910.75,44283.73086,2576186.145,64120.83302
40,11253634.94,129008.8323,2988127.712,0.043173801,1424398.877,0.023597752,21424.41651,166788.9741,116336.3104,288914.9683,0.184159326,0.577294334,914986.2936,351989.9748,33612.61074,24505.34697,2599.481663,2075588.841,3670956.082,0.565408246,1120134.499,122351.2372,157505.8484,41729.73415,19166.02441,13189.37383,434256.5793,407718.5145,105526.1163,354416.8263,68339.02322,2853778.445,188333.067
41,14597324.24,82710.85587,2853099.59,0.028989824,759125.9377,0.010521834,16242.80305,64789.88688,65665.33666,141866.0036,0.247357341,0.456697766,597953.3318,378939.5312,7987.397301,26376.46367,8819.891831,2746399.642,17630510.46,0.15577539,4592377.44,43856.47982,NA,NA,NA,NA,NA,NA,21142.93726,218032.613,39825.25507,2478391.662,58326.14323
42,12812308.5,69683.66931,3608940.932,0.01930862,3536349.485,0.000343857,11302.71049,200487.4603,68674.83063,313900.5226,0.164583012,0.63869744,1311454.316,380700,1216,37887.5147,14944.39388,544966.9943,1379936.552,0.394921776,1583866.95,41880.09323,72333.0039,48619.58264,17531.34382,9778.384003,468711.9027,281226.6545,25454.26413,337271.836,219646.1239,2669831.147,679238.6664
43,14278986.67,138034.0986,4405346.755,0.031333311,1047926.771,0.033488978,6996.812599,29683.78767,64608.02255,155756.8085,0.108296343,0.190577786,357433.3116,458720.4415,35093.99629,28523.24212,9994.82922,1646673.888,5808875.995,0.283475476,1415738.315,106106.1278,3375.246209,7117.512852,7038.827112,7883.988824,133047.0813,149194.1121,12888.67031,187541.3431,52170.86905,2817896.868,64912.5284
44,11682138.3,419114.9294,4596019.293,0.091190855,2307852.853,0.00780639,34606.90089,79543.29058,155613.0656,407226.252,0.222390715,0.195329476,722346.7621,623196,18016,44619.14646,14221.17967,543274.8889,6301855.93,0.086208713,958285.8393,87349.75464,205118.3792,169391.8596,51364.75459,14276.20255,525857.9301,319556.9492,31311.78348,459868.0329,256967.9424,3140431.381,172609.9967
45,7040058.966,111446.2309,2382120.271,0.046784469,1071180.616,0.01315421,16062.91772,91647.58565,61628.06208,172353.1552,0.260642915,0.531743011,990076.7703,453424.357,14090.53514,26769.10037,2771.920776,2658489.876,4049437.633,0.656508413,914371.5858,82465.63556,511036.0007,386467.082,96569.80688,45724.53062,658612.1156,398507.8869,70636.69998,522080.576,58759.17315,2889614.242,484199.2752
46,10914923.93,337209.7593,2397920.441,0.140625916,1008014.2,0.04512441,31853.83005,131233.0666,93772.80787,253828.6923,0.339691546,0.517014312,1340931.894,463650.593,45486.04573,22699.39801,3759.692398,2111722.879,791479.1638,2.668071347,1201383.531,73783.14966,504556.8136,477833.9774,121741.0586,63727.53965,585229.5118,450431.4602,63800.01726,589373.387,63728.08408,3049125.255,223290.6697
47,2887388.297,62169.56363,4192742.767,0.014827898,1474285.094,0.038710811,11702.03759,60310.58794,120380.68,332648.5679,0.097208602,0.181304216,311369.7959,562051.3451,57070.77176,27454.53715,7321.92677,1952173.961,5070367.301,0.385016281,787433.8331,153450.6659,21437.27165,2092.583981,67194.15826,37544.74492,422768.6448,327375.5186,19166.51487,247837.163,48814.18943,2719113.696,209724.8277
48,11092665.27,73594.03581,3531614.819,0.020838636,3569703.6,0.006647331,23715.93532,172249.5117,114496.8664,400866.5926,0.207131741,0.429692858,818667.4703,579489,23729,47376.25274,16019.04175,828410.1486,7317682.596,0.113206625,1014212.637,76408.12553,121303.3727,139808.9223,15561.78399,16882.60178,336614.3535,215616.3564,47729.62411,758286.0605,8834.990829,3276699.851,NA
49,2695904.787,43551.67642,4262441.722,0.010217542,1614375.787,0.053726204,17771.70618,141350.6587,98354.66425,224497.8116,0.180690019,0.629630452,645828.7288,481747.7006,86734.28315,24276.76767,4597.508564,2730885.706,5602950.6,0.487401353,581456.2951,83130.68132,168944.2272,243411.2078,38888.47284,30643.3784,556174.7874,359879.9488,64529.72465,536935.885,49004.29869,2574497.512,227056.1949
50,14347945.27,180798.3994,4139784.475,0.043673385,3364661.461,0.004333274,14924.94917,118730.723,117783.7687,465474.9124,0.126714821,0.255074376,1147181.095,557285,14580,30614.30578,11765.25002,490212.361,7457604.167,0.065733223,1656267.194,52810.42665,63647.25818,58385.49961,6731.912201,9841.29404,309143.548,242732.4821,53564.06111,578197.6163,6423.974424,3544295.544,NA
51,2791346.948,17544.20871,3573093.296,0.00491009,983230.7361,0.015939586,6558.805283,68790.19733,55069.81901,219778.4382,0.119099815,0.312997935,246787.2348,496850.4469,15672.29084,33227.90309,5052.052979,3319545.801,18550139.72,0.178949908,1353949.956,85894.78937,NA,2103.418931,8746.369656,22554.41814,236980.8529,269036.795,20196.26903,270943.1016,50968.82444,2822050.385,211270.3495
52,15181975.15,37466.29786,4350683.999,0.008611588,3385177.749,0.001614095,15911.33871,80260.49328,158218.9895,502457.6149,0.100565291,0.159735848,906270.0063,633460,5464,23925.22132,14302.03376,335286.0287,5627425.895,0.05958071,1299556.835,48683.78455,188951.9255,231840.7921,15374.04118,19597.47006,358368.8247,340326.3764,17384.23746,349825.2637,11037.9683,2854332.432,202225.6995
53,8439017.951,60238.8137,1498159.076,0.040208556,3234244.803,0.006076765,6209.946611,64003.80354,53995.75799,184482.2732,0.115008046,0.346937418,1880789.23,311696.4813,19653.74447,22159.61802,41657.50744,28364861.01,3913639.033,7.247694734,2547141.374,81676.81471,116907.6962,223552.9779,30042.37367,23982.50899,258619.8337,344374.5574,63331.75751,444963.0224,31978.77105,2999765.347,421270.0603
54,10525016.75,38971.98503,4826809.327,0.008074068,3728164.57,0.004500627,18958.69609,55649.03395,97463.97337,266128.9869,0.194520041,0.209105497,1115690.76,662340.8191,16779.07737,40843.65921,5831.651497,28743213.05,4942405.93,5.815631791,1190783.491,88240.15626,213532.3958,173620.3602,28847.71021,36481.81022,533373.4447,550454.7387,45361.04137,427472.8974,42277.45183,3077110.985,209407.5292
55,5433501.9,69201.59241,2917344.257,0.02372075,929291.7939,0.011581451,6293.950044,31887.25356,60894.60902,147417.3945,0.103358083,0.216305909,743260.2931,367023.2635,10762.54719,19714.46148,10124.59619,1610785.407,17165714.03,0.093837367,2618630.352,99999.77621,7680.47946,129.021969,2401.753693,8100.515303,56761.9842,140479.1199,26179.10986,198181.7588,50038.19803,2750152.926,66329.18651
56,28721577.41,72924.19137,3045630.178,0.023943876,947876.5135,0.016797279,8529.813112,46414.40131,58980.02609,192823.6383,0.144622064,0.240709084,898166.2873,378687.2215,15921.74638,19754.45499,12910.14,1825555.078,19827656.81,0.092071146,3435437.861,89932.17218,31207.90685,302183.7041,5792.105498,12693.67851,127866.4291,174110.7931,27834.45409,278581.0181,53664.69161,2950939.126,75408.43516
57,13542902.35,247121.4981,4058615.385,0.060888129,2307945.275,0.02101888,14083.22829,37546.74121,79159.88196,179995.0064,0.177908657,0.208598794,770719.919,502685.156,48510.42396,37538.61143,9204.405844,1753769.072,3654805.959,0.479852854,1147703.984,85622.24819,161269.4492,161827.1166,49917.78282,39716.89657,651717.144,406437.8446,48340.8713,473024.4914,73216.69569,3327480.361,313661.6886
58,5701170.482,32151.72446,3590507.292,0.008954647,1209526.708,0.007690472,6053.959116,31725.42624,84571.09564,151498.1552,0.071584258,0.209411304,798210.7186,508552.7365,9301.831569,29874.13497,6149.758777,13592787.3,3019381.363,4.501845135,1209698.715,89239.85595,115967.1276,79289.22637,22932.17415,18636.86071,460374.0278,273458.9359,38832.76102,491503.8054,70777.66929,3757287.839,243147.7473
59,6813354.341,23775.73471,1873264.003,0.012692143,3596953.428,0.022425034,10062.33614,63667.57231,82058.33509,268768.765,0.122624181,0.236886054,760558.1163,618787.6612,80661.80308,57227.32807,9358.802219,28118348.75,1334461.361,21.07093511,1300526.346,94720.60674,55902.34004,2814.197523,65182.74507,60415.19243,374971.5036,428363.6388,46659.44873,449260.0482,24418.99697,2508837.769,226464.5957
60,4815221.085,51005.4396,2391438.44,0.021328351,361425.7258,0.029072309,5262.279708,37449.88931,74201.48435,197323.1003,0.070918793,0.189789686,919012.0578,521941.2937,10507.48051,17939.95525,19305.25566,18761031.25,7038488.34,2.665491558,1224456.222,89925.8914,159077.3037,6017.475897,13696.38342,15807.60761,390026.8355,196918.0542,73370.12743,318263.1426,82842.73595,3033873.454,155642.5656
61,15405956.67,265584.9306,2027060.244,0.131019752,2591646.658,0.052654431,11624.96267,51410.81796,106485.8801,335512.236,0.109169053,0.153230829,1008768.433,578982.6407,136461.6805,34100.53571,17970.2336,26471495.25,5285479.114,5.008343554,1549175.037,92036.21782,168099.9214,618653.3624,54113.09982,82406.16376,539134.61,642538.0774,42091.65876,727552.3954,67025.46534,3900207.588,421223.407
62,6455621.5,58735.01456,2567955.434,0.022872287,1010848.271,0.153293596,13380.07201,46324.14371,52855.57156,153290.815,0.253144023,0.302197778,763184.4888,299414.0467,154956.5666,29684.50229,18160.54205,2193641.368,2550833.831,0.859970313,2411079.657,68190.67377,5181.013151,2287.445383,71762.73837,52933.10379,380433.6797,323414.6223,20791.84683,248766.8202,39882.32873,2421513.529,63140.02227
63,11936673.07,60551.52858,2343748.601,0.025835334,3567269.569,0.009337151,8482.528383,53710.12662,96501.1986,324759.4332,0.087900757,0.165384346,942031.7321,585186.1702,33308.13538,48060.15997,24154.30043,21790183.92,4949926.519,4.402122706,1429408.434,122138.8505,99781.91651,183996.9445,41857.09763,43138.0189,347857.3741,714310.5121,28347.39382,633057.5854,33125.19829,3622339.6,221541.85
64,27088437.43,645094.9309,3609174.637,0.178737522,995834.8282,0.030739979,17100.09632,75020.00097,76882.45462,139625.5886,0.222418709,0.537294071,1061777.092,332020.2909,30611.94199,32798.01677,17644.0339,2174304.705,3694859.609,0.588467475,4790180.418,122041.5949,83174.69727,350589.0281,29516.68294,18855.82148,128364.2915,167177.9894,32307.78396,275739.6889,48649.03523,2982519.678,70067.85106
65,22185211.18,99843.28883,4695820.233,0.021262162,945038.668,0.044788936,9421.624347,37451.49746,69886.33951,135896.2302,0.134813533,0.275588936,868703.2302,525671.2939,42327.27678,28771.56897,5103.643162,1542264.54,1125630.147,1.370134359,1912068.089,90751.59467,155081.3575,838759.8061,11496.06248,10512.36786,156574.7533,168774.9326,21375.55069,236920.0904,57120.69267,2867966.533,182439.5206
66,10964033.25,104528.4402,2562993.902,0.040783726,3996658.203,0.008039839,10097.19033,62221.32693,137946.3446,350316.0813,0.073196505,0.177614818,795379.6826,545511.2476,32132.48877,35896.82525,17944.91902,22895236.18,5501905.25,4.161328692,1053081.009,129060.594,346120.3154,111948.5201,57833.71191,27145.34463,534968.8989,554197.6483,36311.42038,527108.3797,32907.17399,2928682.576,247771.9273
67,10127685.72,34512.53082,4226932.241,0.008164912,1665722.084,0.041760677,12813.68598,48051.85218,83689.19737,199445.7128,0.153110394,0.240926975,842265.5165,630486.0313,69561.68214,33054.36012,14388.56828,2844846.058,5123046.22,0.55530361,1425085.454,104521.1471,166183.6649,23186.20521,41596.52202,46700.28657,340132.3209,357669.8138,31023.01492,447149.8619,45738.00109,2706361.559,93313.492
68,2439565.899,67779.80746,3302702.349,0.02052253,1173090.847,0.08894091,10142.2691,40868.07221,66926.96976,169198.8322,0.151542332,0.241538737,414977.5001,402713.9454,104335.7674,25159.828,9364.421287,2091569.326,3828889.506,0.546260038,1637105.09,81548.05147,17715.62252,18046.8265,74583.31209,52148.63585,401120.2065,424561.3697,26190.26792,282873.6035,41966.90584,2646604.485,148312.1919
69,4925908.576,26118.35881,2244430.77,0.011636963,897150.5365,0.007139514,14462.84854,105235.7044,86760.14639,232767.0991,0.166699218,0.452107299,1488570.853,457992.4979,6405.218913,16243.47004,9987.855284,2177687.488,4207658.66,0.517553267,802802.1631,140045.4181,50591.17816,264046.309,8027.070907,4266.383601,246589.891,186317.2363,71125.71315,438743.4801,59484.58097,2940381.493,259447.4286
70,10962426.46,42034.62446,1993530.936,0.021085514,3467868.547,0.022500673,10942.7403,59857.2684,110642.9424,323339.8136,0.098901386,0.185121862,629897.1702,620840.4087,78029.37697,75869.73253,14782.99782,16745772.14,3573327.41,4.686324599,761208.5792,80334.90388,82690.98333,83222.45348,60847.31681,48626.09498,407276.7229,520294.9757,80781.38706,404697.6622,54922.51619,2652005.411,208428.9011
71,7314158.241,32358.00596,4840010.863,0.006685523,780140.0779,0.062663611,10414.17567,35360.86239,98062.09597,161616.0951,0.106199807,0.218795426,553155.991,535155.5684,48886.39416,44566.41075,7534.835959,1405182.383,3954631.461,0.355325748,1418552.689,105071.4488,50613.56327,11807.34974,4983.982967,20643.08758,369138.575,539255.675,13827.2944,373345.3009,53440.95391,3033617.928,143145.0426
72,12460725.93,129830.129,5006281.783,0.025933444,1120084.353,0.031194107,23481.03056,174485.8956,174999.3474,376440.0264,0.134177818,0.463515788,1604808.394,437750.7663,34940.03143,19283.26673,9052.191108,2075589.264,3321086.328,0.624972993,1083985.807,101642.9907,265727.9386,427556.3007,60607.91375,29926.36311,444516.5093,419151.3174,88547.88853,618238.1756,73605.49789,3305890.825,282924.522
73,13480919.64,65263.38343,3293886.204,0.019813491,930608.1335,0.041328886,6780.881334,41240.99722,68106.88784,128892.4269,0.099562343,0.319964471,528549.4317,377379.0588,38460.99787,25175.74721,15921.73747,1044938.666,2922125.073,0.357595462,3399699.118,117074.5561,33216.10787,89715.27146,4892.078021,12668.44886,96383.73167,152254.2915,10289.52203,227065.0833,39761.82469,2377939.213,68424.90327
74,13156448.08,397920.1839,5508296.857,0.072240149,971640.8457,0.077744713,34051.87187,125929.1826,129012.5904,285577.7262,0.263942238,0.440962901,1292956.981,423617.6122,75539.93861,41830.79259,8174.520027,1897378.667,4445193.71,0.426838242,976147.9846,108862.0901,379382.5218,1528656.398,40804.7431,71941.37948,595802.3785,579229.6011,98258.38107,574541.739,128748.2874,3576204.128,180516.2456
75,5441929.271,58161.71745,4104260.457,0.014171059,1702234.593,0.052099971,29033.43749,213975.9648,78147.38116,237031.2535,0.371521567,0.902733128,1130889.362,321378.9356,88686.3724,31449.5038,13004.94617,1815825.344,3448884.549,0.526496413,1038558.402,81159.73562,679286.8309,873984.8853,23415.31389,50904.44792,447026.7593,670253.5982,56855.63966,302226.2322,65198.38791,3146051.211,167737.2464
76,4123964.057,287236.2177,3184915.851,0.090186439,627554.9827,0.054340549,10372.96173,50298.84516,47070.10141,112086.9237,0.220372623,0.448748556,470826.9497,300376.5145,34101.68258,30123.50499,25076.95811,1818648.204,4095773.27,0.444030488,3388842.523,117265.8491,NA,10227.42131,7579.825277,15990.18424,98479.29699,184901.1916,22401.54412,178547.3285,34035.84066,2029293.456,88193.1612
77,8884041.497,86563.48894,4384831.147,0.019741579,1113310.302,0.032787702,17273.8751,155722.9656,91210.02458,258509.6571,0.189385708,0.602387421,1351446.17,445144.088,36502.88592,26888.01175,6377.615146,3152129.714,3170628.888,0.994165456,919417.5265,75417.68192,438239.5827,764429.6793,24505.53249,33654.24472,488168.7197,670414.5125,90264.65732,506524.2447,104479.7549,2856892.479,158036.948
78,11377035.27,115346.7106,4239718.004,0.027206222,1182906.879,0.036883534,23856.01661,137177.6178,88648.36982,294194.2158,0.269108351,0.466282511,1616429.981,399637.6517,43629.78631,22668.06421,6036.6352,3062100.995,680801.906,4.497785579,1007495.739,84662.49148,578592.9211,1256324.141,82296.57607,87811.47193,486126.7261,550892.4981,76696.22616,665843.8915,95689.86015,3476912.798,213153.6916
79,9525109.483,141587.9563,3922979.922,0.03609194,1594969.927,0.066592218,20172.59966,162990.7269,122409.2836,290105.2559,0.164796322,0.561833071,938016.6105,388209.3241,106212.5846,23665.9321,2161.613464,3539731.375,1191441.968,2.970964151,698341.0988,70759.07357,594913.9864,1419322.024,79637.30886,108503.7798,615116.945,683338.1465,67204.59633,593937.3493,126037.8073,3582710.44,173485.7343
80,17701903.7,38585.7774,3801629.732,0.010149799,990828.7506,0.013748037,6862.393068,35850.70678,59077.48871,129551.2116,0.116159187,0.27673,779249.078,478419.8336,13621.95013,27115.62361,6571.799307,5458401.906,3397232.488,1.606720154,2097073.764,109660.8157,202832.7567,79301.05769,7578.771867,5757.968933,163913.1852,170342.6511,10864.19167,135199.64,30504.81661,1920930.53,80348.63246
81,6723465.987,230272.1549,3522994.396,0.065362623,1186729.76,0.061073817,17520.79888,133369.5664,109504.1551,317537.1178,0.160001224,0.420012524,2320315.501,335366.6014,72478.11619,30563.50565,15974.22338,3186217.605,2477401.316,1.286112825,1317324.545,109009.4761,201128.8947,1680663.446,46726.36897,107259.2731,441172.7344,668479.0081,71575.92743,251741.087,73039.59359,3230925.209,160265.5197
82,10050794.19,263663.5449,3881655.797,0.067925535,1114353.789,0.029272203,15869.20662,43381.27328,48537.73407,93972.91873,0.326945765,0.461635904,600870.7931,590426.7445,32619.59052,27414.30756,7095.184825,1938614.847,4063828.18,0.477041538,1239608.376,96589.30065,123048.0394,487017.8456,18447.45921,24935.77773,304273.0883,817059.8016,28438.55439,332218.8272,50967.54548,2587737.39,81997.81316
83,2566161.071,89141.67241,3506997.372,0.025418232,963162.1858,0.012424755,10076.03726,36225.56681,60985.07712,161449.7087,0.165221358,0.224376786,802520.5625,283968.9867,11967.05378,39534.50499,6570.294171,1706914.434,1765685.998,0.9667146,3572801.313,105434.3666,12852.21331,10698.08582,17808.31741,11356.31492,82745.87488,84735.19844,15221.59926,237530.8399,35822.68956,2395656.798,119681.2971
84,12814669.6,567738.8842,4201219.259,0.135136695,2779081.683,0.007796691,45491.636,73389.27367,122487.9998,300012.3356,0.371396676,0.244620854,797106.6863,636675.0401,21667.64191,91845.33056,18884.64382,100158.7834,3144998.926,0.031847001,1033730.106,199099.231,177195.1917,776516.7668,38465.89478,85371.18725,627016.877,825895.6461,62633.9793,598453.3883,99720.04226,3413170.097,170360.7004
85,5965579.814,665069.4729,7635733.359,0.08709962,2744960.172,0.042785176,50299.37334,147096.7571,119847.0706,298404.3506,0.41969631,0.492944412,781037.2789,312228.6366,117443.6048,35728.20298,3728.574919,3235087.496,3662936.985,0.883194963,673476.1591,69183.60275,89559.3952,202333.1212,22522.37333,63438.16755,440495.6675,622443.8446,149325.3879,444776.4559,141947.5089,3426047.391,296865.0254
86,6781713.554,145542.2127,4226751.099,0.03443359,1474697.452,0.016714997,12910.65222,114330.153,110055.3946,336377.7642,0.11731049,0.339886179,1039999.277,507296.1319,24649.56336,26350.8573,6014.06239,2260754.722,3540570.99,0.638528285,743274.882,83916.07664,1167799.448,55809.58792,58102.09497,41142.60238,894909.919,397882.0264,79394.77058,563388.735,131153.5554,3301306.049,374289.89
87,4286845.241,157830.1837,2895471.686,0.054509317,848348.6537,0.058950009,19307.77344,136127.9246,80348.82777,176286.3246,0.240299379,0.772197871,804957.2277,371128.2183,50010.16045,16241.749,1463.309708,2175428.639,5346080.253,0.406920311,832729.0602,108746.3328,787021.7291,123337.3502,99904.06949,43466.97404,764845.0631,481623.2211,70886.96061,547393.7339,150223.4597,3940985.493,224487.4016
88,11561781.74,214833.2645,4217497.112,0.050938568,1600230.825,0.021546034,27963.43293,156134.4522,151674.2641,397206.5211,0.184365048,0.393081291,933197.025,403856.8139,34478.62852,30728.94867,3958.510924,3596518.071,4500104.595,0.799207662,670462.955,95480.93001,275782.538,222413.735,64718.01074,52679.52758,669523.3759,641282.8689,69449.05997,471927.4318,121202.7373,4234883.372,261404.4475
89,14412536.26,262538.8164,4007348.084,0.065514353,1525864.964,0.017198152,7245.368453,30952.85008,160135.8933,276705.2022,0.045245125,0.111862191,438475.9594,594793.1329,26242.0578,49496.44473,3661.669249,87525.37586,3212822.068,0.027242522,471607.8465,151617.8662,79023.08247,123534.5703,19597.23183,35785.24207,683094.4502,517817.1981,40610.09304,325364.0103,76408.65396,2869908.46,163596.9064
90,10624687.28,133619.112,4797532.642,0.027851632,1818176.856,0.044037302,16809.50612,143021.667,115510.9575,384613.4662,0.145523044,0.371858189,796847.7077,540329.238,80067.60258,22844.18557,1728.375486,2911185.064,4059075.781,0.717203921,413810.4547,73300.21556,160593.4024,8113.716582,132693.4499,55587.81181,412264.1665,391118.6353,57868.62169,372214.8782,86335.01969,3199469.901,204523.5488
91,13433991.7,157611.2961,6371215.254,0.024738027,1174402.981,0.021774782,22219.82264,164215.3455,244422.2572,460957.5374,0.090907526,0.356248314,1161910.454,489147.7892,25572.36919,43811.55429,3904.456685,2819880.382,5142334.74,0.548365776,782098.1032,123713.7371,79356.62483,693475.0411,17720.27757,40054.3724,564008.2209,561100.225,67196.75708,613092.2975,179630.5272,4352179.598,287436.9375
92,8705204.452,302531.2396,3938201.006,0.076819654,1075945.497,0.150543393,21030.33961,52488.25012,97776.90831,198040.0444,0.215084931,0.26503857,275755.5212,525704.3717,161976.4853,49622.13838,4014.893548,1801259.242,5297709.841,0.340007153,1459032.31,63091.55364,267892.6461,19912.5767,59778.07404,49508.10353,358669.8993,507990.001,112824.5784,581016.9321,96776.72371,2958626.181,104692.8145
93,19740406.92,28233.84142,4043672.289,0.006982228,872289.6531,0.009375036,6259.456533,37844.22015,63866.62237,126511.1989,0.09800826,0.299137313,913724.0934,332543.408,8177.746788,24792.40943,6317.447071,1604507.845,1247399.654,1.286282099,3988629.491,74991.49157,27384.31494,17396.30523,11407.22418,5631.632437,93560.169,67975.2388,16948.3709,185716.6229,30626.0538,2173988.776,97534.27422
94,12195351.13,279687.6342,4057965.788,0.068923113,3676740.924,0.019245313,26692.55056,108648.1079,103622.7635,340838.773,0.257593502,0.318766867,1065589.717,377225.3283,70760.02864,69733.34478,8106.627516,91412.58257,3287767.956,0.027803843,464634.9153,217627.3476,184558.9481,57355.0286,72139.66275,66031.72803,582923.2826,451763.682,65174.75641,395125.7723,66433.86746,3004639.419,203102.9927
95,8690117.223,187371.476,3418577.82,0.054809773,895170.2806,0.178591603,12089.56648,43226.2197,85331.66035,178352.7872,0.141677385,0.242363578,727530.9569,485746.8624,159869.8955,30844.43097,7213.015721,2362215.312,4770445.693,0.495177068,1183810.812,75021.31195,267311.1363,846852.1627,47500.25317,65916.31125,354085.8397,673361.8718,86330.95547,568668.5742,102174.5556,3507476.829,220894.8149
96,13361965.87,277166.6125,4419557.245,0.06271366,1143930.765,0.092963587,12855.94371,98026.12704,119219.4603,321230.3034,0.107834272,0.305158405,732147.0742,434108.2407,106343.907,34049.11986,2240.533107,2434318.558,3163896.544,0.769405233,506711.0319,81569.20832,16912.83106,61628.9013,44658.15308,47614.1257,445798.3464,311915.0756,10279.29488,587173.1584,93438.56838,2971976.275,251963.107
97,7423563.391,108878.9556,2571874.523,0.042334474,517495.0233,0.070372164,19244.61747,56986.37218,93623.26346,215670.3909,0.205553799,0.264229002,1351793.747,458581.9414,36417.24443,56453.79966,11547.15278,60546.4532,2691752.48,0.022493321,631235.8704,142189.1191,17661.87846,23779.5996,25678.30405,45815.15392,654665.5862,231493.0788,28988.54124,361826.4113,33903.99304,2407597.562,112856.7713
98,4823482.694,524052.7377,3526516.292,0.148603521,3588845.475,0.041561718,32041.71922,85101.27582,77481.24975,268214.3577,0.41354159,0.317288293,1065368.144,293019.9814,149158.5842,48633.58009,9321.380404,117793.2808,3620379.568,0.032536169,1642768.781,81676.86539,65861.96493,6689.273395,36237.16471,44203.26572,464189.3059,246161.3529,42970.95991,307761.7289,92812.97233,2081017.848,265115.3892
99,8777615.762,572914.7484,4482218.057,0.127819473,2184045.761,0.019191933,34379.98664,36441.93726,143988.2143,292987.2201,0.238769449,0.124380638,732147.0742,368487.0176,41916.05938,53379.23578,7633.706437,68710.41602,3405819.361,0.020174416,1083773.342,118909.2493,75150.34791,2754.294262,49309.76923,53600.38236,484955.4228,345869.14,40985.06973,506210.7843,43741.14788,2637086.388,142030.1961
100,30417680.45,107331.6416,5248196.077,0.020451149,600739.3011,0.002124512,9650.520871,43185.6383,115649.4921,185186.6455,0.083446288,0.233200608,847194.2242,363620.4126,1276.277704,26202.19509,3035.512033,1695207.64,4508948.185,0.375965208,2638665.389,116843.6502,17887.51197,8792.176637,3846.291759,NA,114272.385,85283.99249,15643.14134,252628.8035,42660.84273,2650877.258,86927.01187
101,7358209.523,160878.1483,3276067.671,0.049107089,648337.73,0.069232778,30217.98999,141325.4578,54064.02652,173987.9276,0.558929698,0.812271631,937835.8267,395584.7619,44886.22194,25815.16183,2525.806745,2942557.671,16214745.72,0.181474179,820364.9177,94739.60932,5536.850418,179316.6757,17964.56863,25800.20809,355681.7191,380264.261,42655.80424,524424.8558,128488.2538,3837512.37,313482.7186
102,7207185.67,16544.29633,2215578.157,0.007467259,627260.1017,0.076513687,7808.991238,53117.8527,71858.29034,287560.7695,0.108672099,0.184718704,862374.0984,349345.0968,47993.98315,23476.38114,11377.1585,101961.4631,3901299.868,0.026135254,1564820.968,132707.2652,172339.5005,30130.22165,30639.10446,28580.39998,409785.0346,227465.9226,86585.15487,675679.6627,70302.56864,3108125.671,309329.8568
103,9751497.866,753692.1344,5155791.371,0.146183598,4609951.546,0.019859395,35313.02932,73510.88091,166611.4824,400791.6403,0.211948353,0.183414207,1132835.231,421811.0915,91550.85086,24582.67342,15123.12204,111021.8445,5751077.089,0.019304531,3002514.283,196946.1398,146213.1376,111213.9351,94968.04987,100748.5563,577673.7735,441927.1516,37901.33866,628115.6033,274107.2977,3799755.859,259650.6128
104,17299301.57,19488.07026,3596208.646,0.00541906,1100102.128,0.026121694,3579.120108,34212.40161,52224.82881,150534.2094,0.068532922,0.227273267,1239765.244,390931.2698,28736.53148,27081.82837,14346.21615,1352447.702,3769563.52,0.358780982,4035907.196,54515.85851,405.1889579,NA,6817.992184,4940.307985,51020.59648,37326.14922,10968.00516,185580.6156,10968.00516,1869057.931,74796.29354
105,7589620.881,23545.97153,4164732.369,0.005653658,1305094.684,0.033683038,4132.989533,35899.29404,75459.01675,190341.9259,0.054771314,0.188604239,1028877.48,515258.92,43959.55361,27891.59453,17375.32082,1418165.1,5437378.876,0.260817782,1274143.476,110265.8425,1937.176506,39277.34044,12429.53065,20501.41468,237488.4285,237989.2369,47960.87671,616442.2653,90828.20182,3539226.867,169716.4378
106,6705260.633,109725.0869,4501590.412,0.024374738,589860.3646,0.005202037,6291.425656,29477.39784,121044.1292,119201.2803,0.051976297,0.24729095,1068120.884,420933.9234,3068.475327,25174.42425,3561.122304,1414304.349,946804.9313,1.493765297,1730358.392,128417.6228,114214.8564,166299.9747,387.506783,4923.741159,83956.11244,58383.18145,14957.8268,246411.069,45711.58438,2478450.072,100036.0452
107,7094073.174,155674.0434,3839897.431,0.040541198,878399.9801,0.037356591,11757.12848,44731.83034,61820.89872,173892.0923,0.190180485,0.257239014,712154.3004,370718.3375,32814.02877,34443.63873,3476.444224,2329496.298,15806681.91,0.147374149,1334705.311,84967.71427,1497.812796,138738.4388,16055.44823,44128.60804,307441.4228,356514.7069,78079.2062,533113.5031,130801.442,3066936.286,202518.8411
108,24680508.04,20069.61876,4477875.368,0.004481951,723336.6657,0.052981825,8544.597434,30417.46667,137587.0239,213214.6434,0.062103222,0.142661246,672603.853,534032.2889,38323.6966,30956.44095,4626.74775,1436195.735,925743.7486,1.551396633,1120553.977,108838.9369,45701.65796,36429.3463,1788.979985,3342.007386,97500.33804,75863.56766,18377.21226,133818.6461,43783.26863,2535353.099,84652.03208
109,8722196.605,167114.2447,4391681.676,0.038052449,2739852.597,0.009364559,12296.48549,59112.9572,109870.8824,346884.0385,0.1119176,0.170411292,575041.4264,249145.3403,25657.51135,35974.06646,5199.028875,68680.21935,4333024.223,0.015850412,1125646.72,106535.472,4356.964924,4286.27624,12334.88929,34091.90501,378231.8098,234029.3409,53655.34842,432083.8918,131042.902,2253625.488,200561.3138
